#<parameter>: <value>          #<units>; <comment>
Rmin:     1.056695897481e+00   #R0;
Rmax:     1.525114128528e+01   #R0;
rho_rmin: 2.135770226091e+04   #RHO0;
T_rmin:   1.534820918516e-01   #T0;
Ys_rmin:  1.000000000000e+00,   1.000000000000e+00#;
Ncol_sp:  1.747481127452e-01,   1.879050199803e-02#;
erf_drop:   6.912750486400e-04,   1.375753649395e-03#V0;